0 0.04573958333333333 0.883537037037037 0.06369791666666666 0.04855555555555555
0 0.29666145833333335 0.3321944444444444 0.06780208333333333 0.05316666666666667
0 0.5972760416666667 0.3330648148148148 0.06453125 0.047212962962962964
0 0.037796874999999994 0.4890277777777778 0.07559895833333334 0.08861111111111111
0 0.6691197916666667 0.4130740740740741 0.08006770833333333 0.0695462962962963
0 0.259140625 0.9754074074074075 0.068640625 0.049185185185185186
0 0.7745260416666666 0.9051296296296296 0.04596354166666667 0.0452962962962963
0 0.5442447916666667 0.8108333333333334 0.06393229166666667 0.040685185185185185
0 0.5897864583333334 0.873462962962963 0.08921354166666666 0.05074074074074074
0 0.5960260416666666 0.5213981481481481 0.074640625 0.07892592592592593
0 0.4497135416666667 0.8018888888888889 0.053031249999999995 0.02910185185185185