0 0.6221354166666667 0.5041666666666667 0.09427083333333333 0.0787037037037037
0 0.04895833333333333 0.9199074074074074 0.06770833333333333 0.05277777777777778
0 0.259375 0.8652777777777778 0.052083333333333336 0.03796296296296296
0 0.5833333333333334 0.8574074074074074 0.08333333333333333 0.05185185185185185
0 0.11796875 0.47453703703703703 0.0953125 0.062037037037037036
0 0.6419270833333334 0.4152777777777778 0.08489583333333334 0.062037037037037036
0 0.52109375 0.8171296296296297 0.06510416666666667 0.03425925925925926
0 0.4588541666666667 0.4462962962962963 0.059375 0.06296296296296296
0 0.44140625 0.8791666666666667 0.09010416666666667 0.05092592592592592
0 0.15703125 0.30092592592592593 0.05260416666666667 0.04259259259259259
0 0.5510416666666667 0.36203703703703705 0.06354166666666666 0.044444444444444446
0 0.41119791666666666 0.8245370370370371 0.04010416666666667 0.023148148148148147