0 0.06171875 0.937037037037037 0.06197916666666667 0.053703703703703705
0 0.5309895833333333 0.5231481481481481 0.0921875 0.08703703703703704
0 0.46432291666666664 0.8731481481481481 0.0890625 0.05185185185185185
0 0.29270833333333335 0.324537037037037 0.05416666666666667 0.04722222222222222
0 0.26614583333333336 0.9666666666666667 0.06875 0.06481481481481481
0 0.15390625 0.45601851851851855 0.08697916666666666 0.058333333333333334
0 0.53984375 0.36203703703703705 0.03697916666666667 0.03518518518518519
0 0.66875 0.8587962962962963 0.075 0.05648148148148148
0 0.4005208333333333 0.8310185185185185 0.057291666666666664 0.03611111111111111
0 0.7197916666666667 0.5888888888888889 0.06458333333333334 0.08148148148148149
0 0.5609375 0.899537037037037 0.09791666666666667 0.03611111111111111