0 0.8916666666666667 0.49953703703703706 0.11041666666666666 0.075
0 0.36744791666666665 0.8763888888888889 0.05364583333333333 0.04537037037037037
0 0.11848958333333333 0.524537037037037 0.11197916666666667 0.0787037037037037
0 0.88515625 0.33055555555555555 0.06927083333333334 0.05
0 0.8481770833333333 0.9337962962962963 0.0703125 0.05648148148148148
0 0.09166666666666666 0.9574074074074074 0.08020833333333334 0.06666666666666667
0 0.62421875 0.8601851851851852 0.05677083333333333 0.040740740740740744
0 0.9434895833333333 0.575925925925926 0.10364583333333334 0.08518518518518518
0 0.15859375 0.30092592592592593 0.05572916666666667 0.046296296296296294
0 0.9231770833333334 0.9384259259259259 0.05572916666666667 0.06388888888888888
0 0.9015625 0.8712962962962963 0.04895833333333333 0.040740740740740744